Varying params for Seed 2
xxxx number is jet pt then tau pt (using Et as Pt currently)
3535	3540	3545	3550	3555	3560
31	34	35	37	36	32	mjj cut 350
28	29	29	29	28	26	mjj cut 400
22	23	24	23	22	21	mjj cut 450
16	17	18	17	17	16	mjj cut 500
14	15	15	14	14	13	mjj cut 550
13	13	13	12	11	10	mjj cut 600
4035	4040	4045	4050	4055	4060
23	25	27	29	28	27	mjj cut 350
21	22	23	24	23	23	mjj cut 400
17	18	20	20	19	19	mjj cut 450
11	12	14	14	13	13	mjj cut 500
9	10	11	11	10	10	mjj cut 550
8	8	9	9	8	8	mjj cut 600
4535	4540	4545	4550	4555	4560
17	17	21	23	23	22	mjj cut 350
16	15	18	19	19	19	mjj cut 400
12	12	15	15	15	15	mjj cut 450
9	9	10	10	10	10	mjj cut 500
8	8	8	8	8	8	mjj cut 550
7	7	7	7	7	7	mjj cut 600
5035	5040	5045	5050	5055	5060
9	11	14	18	18	18	mjj cut 350
8	9	11	14	14	15	mjj cut 400
6	7	9	10	10	10	mjj cut 450
5	6	7	8	8	8	mjj cut 500
4	5	5	6	6	6	mjj cut 550
3	4	4	5	5	5	mjj cut 600
5535	5540	5545	5550	5555	5560
8	9	11	16	16	16	mjj cut 350
7	8	9	13	13	14	mjj cut 400
5	6	7	9	9	9	mjj cut 450
4	5	6	7	7	7	mjj cut 500
3	4	4	5	5	5	mjj cut 550
2	3	3	4	4	4	mjj cut 600
6035	6040	6045	6050	6055	6060
7	8	10	13	13	13	mjj cut 350
6	7	8	10	10	11	mjj cut 400
4	5	6	7	7	7	mjj cut 450
4	5	6	7	7	7	mjj cut 500
3	4	4	5	5	5	mjj cut 550
2	3	3	4	4	4	mjj cut 600
