xxxx number is jet pt then tau pt (using Et as Pt currently)
3535	3540	3545	3550	3555	3560
24	28	30	33	33	30	mjj cut 350
21	23	24	25	25	24	mjj cut 400
17	18	20	19	19	19	mjj cut 450
12	13	14	13	14	14	mjj cut 500
10	11	11	10	11	11	mjj cut 550
10	10	10	9	9	9	mjj cut 600
4035	4040	4045	4050	4055	4060
17	20	23	26	26	25	mjj cut 350
15	17	19	21	21	21	mjj cut 400
13	14	17	17	17	17	mjj cut 450
8	9	11	11	11	11	mjj cut 500
6	7	8	8	8	8	mjj cut 550
6	6	7	7	7	7	mjj cut 600
4535	4540	4545	4550	4555	4560
13	14	18	21	21	20	mjj cut 350
12	12	15	17	17	17	mjj cut 400
10	10	13	13	13	13	mjj cut 450
7	7	8	8	8	8	mjj cut 500
6	6	6	6	6	6	mjj cut 550
6	6	6	6	6	6	mjj cut 600
5035	5040	5045	5050	5055	5060
6	8	11	16	16	16	mjj cut 350
5	6	8	12	12	13	mjj cut 400
4	5	7	8	8	8	mjj cut 450
3	4	5	6	6	6	mjj cut 500
2	3	3	4	4	4	mjj cut 550
2	3	3	4	4	4	mjj cut 600
5535	5540	5545	5550	5555	5560
5	6	8	14	14	14	mjj cut 350
4	5	6	11	11	12	mjj cut 400
3	4	5	7	7	7	mjj cut 450
2	3	4	5	5	5	mjj cut 500
1	2	2	3	3	3	mjj cut 550
1	2	2	3	3	3	mjj cut 600
6035	6040	6045	6050	6055	6060
4	5	7	11	11	11	mjj cut 350
3	4	5	8	8	9	mjj cut 400
2	3	4	5	5	5	mjj cut 450
2	3	4	5	5	5	mjj cut 500
1	2	2	3	3	3	mjj cut 550
1	2	2	3	3	3	mjj cut 600
