210
211
212
220
221
222
230
231
232
240
241
242
310
311
312
313
320
321
322
323
330
331
332
333
340
341
342
343
410
411
412
413
414
420
421
422
423
424
430
431
432
433
434
440
441
442
443
444
510
511
512
513
514
515
520
521
522
523
524
525
530
531
532
533
534
535
540
541
542
543
544
545
610
611
612
613
614
615
616
620
621
622
623
624
625
626
630
631
632
633
634
635
636
640
641
642
643
644
645
646
710
711
712
713
714
715
716
717
720
721
722
723
724
725
726
727
730
731
732
733
734
735
736
737
740
741
742
743
744
745
746
747
810
811
812
813
814
815
816
817
818
820
821
822
823
824
825
826
827
828
830
831
832
833
834
835
836
837
838
840
841
842
843
844
845
846
847
848
910
911
912
913
914
915
916
917
918
919
920
921
922
923
924
925
926
927
928
929
930
931
932
933
934
935
936
937
938
939
940
941
942
943
944
945
946
947
948
949
1010
1011
1012
1013
1014
1015
1016
1017
1018
1019
1020
1021
1022
1023
1024
1025
1026
1027
1028
1029
1030
1031
1032
1033
1034
1035
1036
1037
1038
1039
1040
1041
1042
1043
1044
1045
1046
1047
1048
1049
1110
1111
1112
1113
1114
1115
1116
1117
1118
1119
1120
1121
1122
1123
1124
1125
1126
1127
1128
1129
1130
1131
1132
1133
1134
1135
1136
1137
1138
1139
1140
1141
1142
1143
1144
1145
1146
1147
1148
1149
