220
221
222
211
210
230
231
232
310
311
312
320
321
322
323
330
331
332
333
410
411
412
413
420
421
422
423
424
430
431
432
433
434
510
511
512
513
514
515
520
521
522
523
524
525
530
531
532
533
534
535
610
611
612
613
614
615
616
620
621
622
623
624
625
626
630
631
632
633
634
635
636
710
711
712
713
714
715
716
717
720
721
722
723
724
725
726
727
730
731
732
733
734
735
736
737
810
811
812
813
814
815
816
817
818
820
821
822
823
824
825
826
827
828
830
831
832
833
834
835
836
837
838
910
911
912
913
914
915
916
917
918
919
920
921
922
923
924
925
926
927
928
929
930
931
932
933
934
935
936
937
938
939
