xxxx number is jet pt then tau pt (using Et as Pt currently)
3535	3540	3545	3550	3555	3560
491	436	412	397	374	355	mjj cut 350
458	410	392	377	358	343	mjj cut 400
420	382	369	357	345	334	mjj cut 450
393	363	355	343	332	322	mjj cut 500
376	349	341	331	322	313	mjj cut 550
357	336	328	321	314	307	mjj cut 600
4035	4040	4045	4050	4055	4060
418	388	373	361	350	338	mjj cut 350
392	368	358	347	337	329	mjj cut 400
370	350	345	335	327	322	mjj cut 450
354	338	335	325	317	312	mjj cut 500
344	328	325	316	309	305	mjj cut 550
331	319	316	310	304	300	mjj cut 600
4535	4540	4545	4550	4555	4560
370	350	342	334	327	317	mjj cut 350
352	336	332	324	317	311	mjj cut 400
332	320	320	313	308	305	mjj cut 450
326	316	315	308	303	300	mjj cut 500
321	311	309	303	299	296	mjj cut 550
312	305	303	299	296	293	mjj cut 600
5035	5040	5045	5050	5055	5060
332	325	323	320	315	311	mjj cut 350
323	316	315	311	306	304	mjj cut 400
311	307	307	302	299	297	mjj cut 450
308	305	305	300	297	295	mjj cut 500
304	301	300	296	293	291	mjj cut 550
296	294	293	291	289	287	mjj cut 600
5535	5540	5545	5550	5555	5560
316	311	310	311	307	305	mjj cut 350
311	307	307	307	303	302	mjj cut 400
301	299	299	298	296	295	mjj cut 450
298	297	298	296	294	293	mjj cut 500
295	294	294	292	290	289	mjj cut 550
289	289	289	288	287	286	mjj cut 600
6035	6040	6045	6050	6055	6060
307	305	305	306	302	300	mjj cut 350
305	303	303	303	299	298	mjj cut 400
296	295	295	295	293	292	mjj cut 450
294	294	295	295	293	292	mjj cut 500
291	291	291	291	289	288	mjj cut 550
286	287	287	287	286	285	mjj cut 600
