1751266 Events Scanned
722409 Events in Selected Run (323755)
100 Lumi Sections in Run
from OMS, lumi at LS = 44 is 1.849E34 and drops by 4% after 100 LS (at 143 it is 1.775E34)
this makes the avg lumi = 1.812E34, which is what is used as the denom. lumi in the scaling
# Pass	Eqn 1	Eqn 2 
278	11768.9	12162.4	DiTau (L1_DoubleIsoTau32er2p1)
87	3683.08	3806.22	old VBF (L1_Jet110_Jet35_Mass_Min620)
57	2413.05	2493.73	new VBF (L1_DoubleJet35_IsoTau45_Mjj450_RmvOl)
17	719.681	743.744	seed 1 (L1_DoubleJet35_DoubleIsoTau40_MassAnyTwo400_RmvOl)
114	4826.1	4987.46	seed 2 (L1_DoubleJet35_IsoTau45_MassAnyTwo400_RmvOl)
90	3810.08	3937.47	seed 3 (L1_Jet35_Tau35_IsoTau45_MassJetTau450_RmvOl)
1	2	3seed: overlap w trig
17	24	26	DiTau AND
9	40	51	Old AND
6	57	24	New AND
1	2	3seed: OR w trig
278	368	342	DiTau OR
95	161	126	Old OR
68	114	123	New OR
1	2	3	three trig Overlap
9	10	10	DiTau AND Old AND
6	10	10	DiTau AND New AND
3	20	20	Old AND New AND
1	2	3	three trig OR
348	408	368	DiTau OR Old OR
325	368	368	DiTau OR New OR
129	161	161	Old OR New OR
special interest ANDs/ORs
17	DiTau AND Old
17	DiTau AND New
20	Old AND New
348	DiTau OR Old
325	DiTau OR New
124	Old OR New
3	DiTau AND Old AND New
378	DiTau OR Old OR New
Varying params for Seed 2
xxxx number is jet pt then tau pt (using Et as Pt currently)
3525	3530	3532	3534	3535	3536	3538	3540	3542	3544	3545	3546	3548	3550	3555	3560
595	257	216	178	159	148	123	100	92	77	74	67	61	58	38	23	mjj cut 350
474	201	173	142	129	119	98	79	73	61	60	53	47	46	30	17	mjj cut 400
377	153	130	105	95	86	71	56	51	42	41	35	33	32	23	13	mjj cut 450
294	114	99	82	74	67	54	43	41	35	34	28	26	25	16	7	mjj cut 500
239	92	81	70	63	56	45	35	33	27	27	22	21	20	13	5	mjj cut 550
196	69	60	53	47	42	35	26	24	18	18	16	15	14	10	4	mjj cut 600
4025	4030	4032	4034	4035	4036	4038	4040	4042	4044	4045	4046	4048	4050	4055	4060
327	151	132	106	98	90	78	65	62	50	47	41	37	34	26	15	mjj cut 350
253	112	100	80	75	68	58	49	47	38	37	31	27	26	19	11	mjj cut 400
196	84	74	59	55	49	43	34	33	27	26	21	19	18	13	8	mjj cut 450
156	66	61	48	44	39	33	27	26	23	22	17	15	14	9	4	mjj cut 500
128	56	53	44	40	35	29	23	22	19	19	14	13	12	8	4	mjj cut 550
104	41	39	33	30	27	24	18	17	14	14	12	11	10	7	3	mjj cut 600
4525	4530	4532	4534	4535	4536	4538	4540	4542	4544	4545	4546	4548	4550	4555	4560
155	83	78	66	62	57	51	41	38	30	29	25	21	20	14	5	mjj cut 350
118	60	58	49	46	41	35	30	28	23	23	19	15	15	9	3	mjj cut 400
90	41	39	32	28	24	21	16	15	13	13	10	8	8	4	1	mjj cut 450
75	35	35	29	25	21	18	15	14	13	13	10	8	8	4	1	mjj cut 500
64	31	32	27	23	19	16	13	12	11	11	8	7	7	4	1	mjj cut 550
52	22	23	20	17	15	13	10	9	8	8	7	6	6	4	1	mjj cut 600
5025	5030	5032	5034	5035	5036	5038	5040	5042	5044	5045	5046	5048	5050	5055	5060
84	45	42	35	33	31	27	24	24	19	19	15	13	13	9	5	mjj cut 350
68	35	32	27	26	24	20	18	18	15	15	11	9	9	5	2	mjj cut 400
49	22	20	16	15	14	12	10	10	8	8	5	4	4	2	0	mjj cut 450
39	17	17	14	13	12	10	9	9	8	8	5	4	4	2	0	mjj cut 500
33	15	16	13	12	11	9	8	8	7	7	4	4	4	2	0	mjj cut 550
27	10	11	9	8	7	6	5	5	4	4	3	3	3	2	0	mjj cut 600
5525	5530	5535	5540	5542	5544	5545	5546	5548	5550	5555	5560
48	28	20	14	14	11	11	9	8	8	5	3	mjj cut 350
39	22	16	11	11	10	10	8	7	7	4	2	mjj cut 400
28	13	7	4	4	3	3	2	2	2	1	0	mjj cut 450
20	9	5	3	3	3	3	2	2	2	1	0	mjj cut 500
18	9	5	3	3	3	3	2	2	2	1	0	mjj cut 550
14	4	2	1	1	1	1	1	1	1	1	0	mjj cut 600
6025	6030	6035	6040	6042	6044	6045	6046	6048	6050	6055	6060
34	21	14	11	11	9	9	8	7	7	4	2	mjj cut 350
28	19	13	10	10	9	9	8	7	7	4	2	mjj cut 400
20	11	5	3	3	2	2	2	2	2	1	0	mjj cut 450
15	7	3	2	2	2	2	2	2	2	1	0	mjj cut 500
13	7	3	2	2	2	2	2	2	2	1	0	mjj cut 550
10	3	1	1	1	1	1	1	1	1	1	0	mjj cut 600
